7 8 9 6 1 2 4 0 5 3
0 3 5 2 1 4 7 9 6 8
6 2 9 7 4 5 1 0 8 3
1 8 3 5 0 9 4 2 7 6
3 4 8 6 1 5 7 2 9 0
7 2 9 3 6 5 1 0 8 4
0 9 4 5 2 7 1 6 3 8
5 2 0 7 9 8 1 6 4 3
0 2 5 6 9 1 7 3 8 4
5 2 6 8 7 0 4 9 1 3
9 3 4 1 6 2 7 0 5 8
2 5 4 8 1 9 7 0 3 6
1 9 4 0 8 6 3 2 7 5
7 3 4 5 8 1 2 9 6 0
7 8 6 9 0 2 4 3 1 5
4 5 2 7 8 6 0 3 9 1
1 6 2 3 9 8 7 0 5 4
7 8 9 0 5 2 4 1 3 6
0 9 1 2 6 5 4 3 7 8
3 5 2 9 4 7 8 0 6 1
4 3 0 6 9 1 5 7 8 2
1 2 8 9 4 5 7 6 0 3
8 4 0 7 6 5 3 2 9 1
7 3 9 0 1 8 5 6 4 2
6 8 2 3 4 5 9 1 0 7
2 3 0 6 5 4 7 9 8 1
2 6 5 1 8 7 9 0 4 3
5 4 3 0 7 1 6 9 2 8
9 7 3 8 4 6 5 2 0 1
5 4 3 0 1 2 8 7 6 9
0 5 9 1 7 3 4 6 2 8
8 3 7 2 0 9 1 4 5 6
3 2 4 6 1 5 9 7 0 8
2 8 9 3 7 4 5 6 1 0
1 8 2 6 7 3 5 9 0 4
4 9 8 0 1 5 3 6 7 2
6 2 1 0 8 3 5 9 7 4
0 2 4 8 6 3 5 1 9 7
3 9 0 4 2 1 6 5 7 8
3 7 0 9 4 6 5 8 2 1
4 5 0 8 9 2 7 6 1 3
8 0 2 1 4 5 9 7 6 3
9 6 4 8 7 5 0 1 2 3
9 1 6 2 8 0 4 3 7 5
3 4 2 7 1 5 0 6 9 8
9 5 1 8 0 3 4 7 6 2
